1503797
2326717
1084843
2850254
2797993
2085634
2266190
2009173
1702302
1954288
1514216
1366943
1681296
1911996
3672781
2057404
3172523
1978441
1096222
2390799
4549611
2104145
1666965
2391261
2832318
1663529
3180179
1593921
1544340
2192924
2504132
2453318
2056933
1954169
1631559
1400521
1871178
6823424
8087380
1140883
1697340
1309755
2302691
1857516
2662253
2443782
2562509
1757331
1765846
2544914
1587504
1976772
3842008
893379
1407663
2344634
1928843
2970131
1109419
2985440
2673304
1089019
2583903
1708580
1188873
1888025
2274176
5680559
1491533
1258698
3664413
2216492
2299330
2089525
1440140
1918998
1558680
1832704
1980486
2414000
1947001
1951527
1763780
2855653
6609198
1800100
2169664
2336454
1450034
2090552
2899431
2186244
1811329
2292235
3458944
2767309
1311566
1725475
1899460
2469137
1925104
2169026
2221002
2595088
2686619
1880797
1180693
1657989
3409611
2369142
1774044
1981023
1711932
1641914
2429160
1710312
1384963
1291211
3255131
2404725
2063076
3135971
3556351
1124735
2020314
1439376
1205472
2094126
1211097
3026818
1551844
2167975
1775263
1540865
2537313
1619989
1655371
3154197
2240805
1933912
4940385
2773403
1759933
1890824
1321857
2597047
1493213
1080633
2600497
2526276
3259176
2341973
2502786
1597909
2551976
3300548
1827191
2512197
1305657
1629863
2789367
2458554
2009780
1151601
1982591
1455086
8564306
1619221
2149204
2216937
2660689
983127
2330249
2609830
1759356
1705659
1535691
1470827
1291987
1620078
2939833
1290816
1363639
3054134
6101896
3754401
1649000
2017678
1441609
3284097
2268486
3072723
1052257
1320026
2349804
2448920
2782158
2299747
2708257
2449397
2302285
1406474
1550649
1327751
3010533
1459933
2272534
1741315
1920046
1693967
1135020
2174560
2434521
2990793
1667968
2194659
3249674
3324775
2825849
2593638
1590612
2235585
2062373
1785726
1867833
3116688
2426584
2707414
2854186
1785978
2962824
1716494
2585710
2037092
4861637
1925312
1327697
1798831
2383837
1664358
1456725
2166216
2285338
2239690
2440533
1609051
1352340
3891210
1985555
1866828
1561085
1600614
1844050
1294909
1742285
2346095
1609635
2104662
2831467
1496585
1423286
1918282
2153882
1817119
1374348
2821338
1292965
3945229
1731771
2624580
1697309
2635928
2400580
2163513
2539094
1507525
1231125
2218045
1870277
1693681
1938772
1626523
1839462
2932953
1322887
2583923
1583417
3482096
1812578
1658177
1604238
1231838
1211344
1700650
2386907
1723827
1456839
4440906
2058200
1292064
2258162
1641333
1870336
1147958
3409492
1670010
2326255
1962473
3411285
2313324
2162007
2576577
2753446
1718208
2288393
2194119
1634601
2638174
4747438
2017332
1303941
2035646
1650257
2067626
2424133
1471852
2151124
2593420
2007043
1790576
2799836
2261603
1693236
1861415
1435737
2718575
2901046
8795396
1990421
1816159
2507293
2161866
1478779
2142349
2356609
2775169
3265947
1720876
1971186
2067894
1953084
2884314
2465303
2812473
1346584
2590983
2191783
5783943
2325189
5696307
2751560
4489250
1547220
1396992
1304407
1603045
1578469
2337691
1600433
2274306
2262731
8204497
1883796
1997572
3017476
2949742
2369639
1828406
1784894
1887980
1956638
1538775
2778580
1844972
2640940
1873971
2431119
3518620
4110960
1980038
2293641
1421218
1943514
1980064
3377899
3381130
1950880
2322034
4697342
2190289
1092152
2338206
1669547
3246875
1188920
3986859
1612007
1341953
2029932
2189790
1789703
1704196
2125586
2872193
1485049
1591812
2052282
2810265
1234597
1043427
5177389
2610258
1319153
1321310
2555349
3161910
2037782
1264413
1715817
1403553
2094336
2412585
4899558
4000083
1954877
4753830
1897547
3311404
1602454
2400145
4166416
2540185
1308017
2362551
2245119
2431691
1254113
3327404
3990045
1536757
2225019
2173520
1567557
1590157
5173603
1419805
3487497
1361063
2375389
1456130
1212901
2059618
3184242
2094079
1697916
1187999
1511476
1711498
2649758
2200177
1823770
2181705
1311000
1669280
1853171
2025650
3475033
1635361
1643714
2055539
2368987
1768210
2216900
2587032
2454743
2124494
5652408
5409253
1433056
2307354
2004332
1847544
1932026
1502862
2463647
2197119
2981095
1362053
1627857
3993535
2723111
1385791
2649410
1736394
1700927
1700786
3372842
1868306
1716669
2039839
4041109
2364480
1838881
3988981
2660287
2252851
1719345
1620289
2243468
1326466
1391983
1741071
2810600
2413389
1819476
3388753
2056794
2131343
1879688
1255394
2104148
1778028
2694299
3781146
1683079
3141613
2419040
2935746
1499862
2570639
1214661
2260449
1619664
2059325
2955868
2875412
1449292
2148762
2000342
2459679
2091114
3316330
1950602
2808946
2078210
2730629
2577076
1639222
3620332
2744898
4150284
1841485
1411448
1972955
1886691
2214274
1592372
2524300
4255382
2743136
2344572
3576955
2506886
2090293
2486207
1391293
1448491
2838938
1267060
2095528
2423898
3149120
2703486
2230687
1996300
1948402
1698065
1845261
5862232
1884722
2877730
2167400
4836740
2321787
1995558
2351582
2641092
1462079
1600330
2183791
1563695
2153165
1341189
2216668
2696059
1671615
2682461
2291374
2215554
1659298
1904983
1807603
1915557
1807158
1963082
2078850
2168119
1807877
1641597
1765423
2501878
1584325
2699148
1907690
2710709
1681209
2801113
1447485
1771878
1757945
1670068
1823987
2428790
5107154
2308399
1826099
1978600
2026186
1982748
3268935
2497727
2069357
1814206
1361151
2216937
1954504
1508218
1661779
2054864
5182243
4252098
1455689
2094079
1128851
1709980
3504666
1897659
1220591
3030470
2257908
1690715
3950250
1439029
2477844
4841062
1576294
2402465
2287596
1718663
2167019
2018526
5202597
1538435
1769926
2671349
1542311
1552663
1704837
3136124
1394782
1310214
1631270
1999482
3894873
1429856
2978376
2617356
1352095
1883586
2366759
1817548
2043301
1465114
1757725
1564592
2178014
1170712
1255185
1562186
1616080
3012615
1932211
2103037
2750381
1411469
2565136
1571473
1397784
2470789
1823356
1758741
2010982
1223476
2689676
1913419
2634067
2098162
1678608
1518689
2676897
1461569
2278876
2408468
1753139
1780129
2582328
2290587
2259238
2031181
1975287
1572068
3872309
1368322
2412585
3177366
1647754
1517794
1741925
2111694
1968067
2332095
2896884
2850193
3073940
1543446
2130962
1935810
2494894
1692350
1948979
2764033
3461517
2500345
2125659
2201343
1517010
2858576
2799396
1201037
3943190
2917357
2977705
3017394
1806874
1117911
1419683
2625640
3871454
2244536
2243341
2946631
1582222
3948654
1406601
2924493
1830909
6040038
1383184
1843353
2061692
1481635
2642349
2414117
1348913
4035472
1903167
2162588
2014361
2943030
1373431
3002959
1955511
3656059
3786211
2279353
1189664
2115141
1437800
1851634
1803323
4978548
2402752
1693964
3363519
1228504
1960707
1722840
2782373
2145641
4107140
2774839
3158552
2436934
1935132
1770463
1328897
1666585
2511426
1965938
2649300
1394043
2082889
1378319
2158028
2317278
1294051
3466774
2159554
2391632
2288573
1208730
4501277
1811030
5137962
1764482
1966362
2182999
1906876
2562226
2053983
2569692
2411616
3933034
3051056
2094630
2962700
1885507
1435090
3768059
1789934
2784773
2689796
1690499
1554897
1130433
1518861
5055583
1704711
5990944
1634130
2575926
3429937
1583088
3084860
1789713
1882800
3923759
3497861
2243329
1755743
1677941
2253965
3531034
1841128
2098166
1899114
4790120
2027254
4076950
1919704
2048014
1437920
2116241
2977120
1990840
2863358
3769567
3910013
2643363
1646053
2210341
2036705
3661222
2347983
2390310
1279941
4098611
2592592
1433038
1221370
3898810
1716458
2065038
5234647
1415553
3543189
2304235
1292127
4752356
2545788
4019028
2183453
2356307
3395380
1931476
1649265
1994786
3530827
2442466
2460770
3219756
2564309
2747790
2341853
1438964
1228188
3240170
1581716
2008676
3715639
3205122
1410720
2745519
1992094
1239336
2238967
2049539
4397800
2325374
3140408
1908429
1800075
1759058
1885334
1170870
2721527
2530039
2217676
1732733
3276855
3006095
2679036
2010893
3261035
4431077
1760708
3699780
2374114
1822016
2109632
2066075
3631997
2121505
1582865
2697397
2962810
3888117
2044203
2594746
3603526
2391106
1588146
2320467
1653170
1341529
4236732
1915066
1824697
1274471
2729592
2781687
1748616
2615126
2319797
1394985
1200073
1535630
1555585
2154891
2147058
4139240
2796140
3928603
1325125
3613572
2538875
3311974
2507965
1471227
1166706
1454436
2377731
1324985
1819756
1675154
3323435
3876092
5374180
2758977
1900672
1366803
3019793
2236001
3337962
1769067
1344279
1625356
2589583
1695593
2072801
2001965
1411840
1707309
2322221
2209806
1656523
2218200
1683855
3779502
2140034
1404935
2284125
1507804
2167074
3836509
2244199
2057008
2979927
1290716
1338850
1831356
2123664
1088941
1447668
3042677
1230230
1273017
2412769
2187334
1846930
8351225
1336120
1193725
3042786
3419488
2803618
3425255
2847273
1938375
1770131
1512933
1470823
1447726
1602751
2257766
1686454
1524793
1929214
1303763
2124590
1897524
3718792
1541261
1825552
3048178
2940082
1103200
1190752
1659251
1645456
2437606
1503791
1549717
2128506
2538561
2493821
2823092
2647051
1909166
2160704
2183988
1525987
1899356
1413732
2564451
2156148
1870440
1462453
1534473
1480767
1662676
2357277
1560933
1353005
1994269
1941927
1704453
1600199
2093659
2163457
4022718
3632069
1563765
1849250
2151186
2144361
6305011
1989336
1011459
1611841
1858924
1506777
1886897
2667231
1358036
2412988
5817289
1782710
3436582
2889363
1892906
1639827
2365046
3936489
1628128
1434517
2592344
4811214
1234469
1390718
3231787
2138653
1983344
2102494
2637893
2453328
2139677
2941045
1522347
3170411
2250704
2565789
1959008
1659270
1561084
1997966
1702642
2154855
2274973
1723235
3553660
2089948
1858694
2476316
2304491
3930047
1870918
1608378
2844013
2797804
2159604
2731169
2090182
2668355
2796443
2822756
2789049
1605902
1474830
1556885
1316758
2303528
2541861
3111837
6330626
2251427
3072317
2331771
2102278
1921130
1941042
1259646
5009049
1624648
2420989
1231148
1938044
2367622
3708243
1760685
2432300
2509265
1962773
1891392
4176860
2665513
1953303
1205904
5241787
2480947
1736296
2212281
2176397
5691316
1031957
2175517
2077530
1812389
2757763
3600296
2228728
2064674
2368405
3462825
2769864
2131145
1353523
1357887
2333014
1402334
2218508
2091110
2128697
1562400
2430645
970320
1345793
2002785
1181354
1709652
3267349
4037309
1395066
1342029
2167769
1863901
1926232
2934669
5952753
2391916
1518566
2022414
2053754
3409139
2184292
4846467
1690236
1574969
2414715
2104334
2471147
2027125
1186841
2353923
3192411
2993773
3113081
3283348
2217692
1885527
1897398
1860318
1257387
1371302
2176513
2064346
1395184
1415242
2211597
1470514
2766666
1539712
4116402
2086882
2460315
1522238
3769567
2067277
2007445
1972972
1430999
2769167
1645438
2784192
3601691
4624108
1766073
1999862
1700225
2082681
1093892
1829366
3363874
1407192
3158327
5218696
2535426
3224983
3744110
3245084
1271716
4634759
2783474
2408004
3249579
1420190
1877646
3514409
1315141
2588732
3727973
2565277
2060373
1290355
1595747
1651624
1528856
2199645
2297301
2819752
2190215
1665864
1446660
1816296
1801290
2307477
2521958
2138055
2760001
1700300
1734541
2339029
1741466
2106775
2144310
4942324
3430348
4090680
1232953
2049207
1613809
3004501
1638820
4131048
3025807
2680222
1711012
2397822
1657305
1952841
2647001
1768474
1929423
4134279
1761702
1786384
2268826
4329334
2567634
3375886
2872586
2684316
2467710
3845269
1924328
1808699
1642597
2108503
2429832
1358608
1217823
2025346
2382931
2293470
1822995
2372847
2336832
1342629
1499754
1310748
1724822
1552881
3564237
1702271
2109644
1825635
2282198
1134129
2142972
1434967
1674683
2627488
2869383
2695217
1686704
1908445
3935578
2502248
2465531
1623474
1696868
2433752
2854424
1839757
2209363
2356119
4941905
1547403
1664982
3619278
2974728
1924785
1563322
2144127
5340683
1421403
3100099
4324054
2025030
1242081
1596925
1403436
1078915
3435277
2186034
8335981
3373491
2362270
1904280
1470195
2604897
3624525
1973505
1807589
1433702
1575014
3019645
2059050
2210971
5116390
1492288
1840795
1961724
2447795
2028718
2547682
1911988
1289707
1548208
1928536
1637099
1913328
1250872
5374108
1872501
2306100
1521521
3972798
1893459
3260099
1385791
3519463
1684969
2264350
1872977
1831143
1695999
3073392
2159278
1997638
2930258
2102829
2015234
3548795
2535165
1221381
3018786
1845103
1084531
1356567
3473254
1866392
2106594
2012131
1456709
2583010
2471790
1911305
960293
3435277
1533883
1488826
2494225
3793245
3092903
1500652
1708333
2373188
947842
2661203
1913772
1822008
2170239
2860747
1821320
1963375
2371507
2086170
1478297
1379320
1677879
2928370
2121698
1307527
2285670
1750438
2951651
1952254
3442208
1130433
3322758
1420267
1940091
1584347
1315604
1310080
2895232
2500851
2713199
1892758
1658586
1751695
2196043
2145944
1320630
4010008
2656751
7056729
1872901
1620769
1880481
1535994
1966512
1609443
2055085
2109954
1971758
1392769
1850867
2784620
2699807
1598472
1973965
1321552
2545217
1331632
1642990
2058060
2931603
1920501
2916960
8087380
3086038
3887037
1756634
1561641
1653222
1766172
1539463
1628511
3367397
7495286
2459291
4613600
2562128
1307125
1452596
1554770
5851810
4076287
6990358
2245422
1893977
1905801
1944126
2566887
1368446
1504433
1908847
3323364
2201007
1706490
2615637
1580656
2894986
1837671
3038097
1767145
3259552
1633543
1859772
2010889
2726674
2103322
1821627
1702820
1879452
1844875
3920530
1887135
1916358
1810244
1779107
2679907
2929253
2519278
3045851
1820261
1878946
1766539
2131163
1533916
1247679
4398394
1590627
2858551
1742522
2030834
2263103
4160804
2739227
1696955
2037262
1889381
1492775
2678290
1819920
1535731
1645087
2227085
2911800
3185470
3288494
1920652
3262543
2235318
2301125
1570831
1675460
3053164
2104591
1517495
1387335
1873906
2344351
1774666
2609507
1516322
2434019
2737185
2821331
2632346
1624548
1558034
1557852
2360168
1235553
1607654
1367741
2012843
2177707
2383188
1989273
2323546
2480505
2841871
1351558
2017794
2301912
2686785
2923013
3076736
1571983
1799518
1655947
3026458
3901511
1438738
4028025
3475562
2929058
1764098
3215131
3291719
1571665
1458590
1731511
1616764
1185633
1642638
2275657
2788243
1846965
2377223
3020275
2132500
2079652
2025648
1813667
1166507
1244787
2130312
1295551
2604611
1930020
1704948
2939954
1691481
2588553
1906113
2731234
2590273
1884722
1494979
1697264
1341579
2323521
1544389
2708408
2653056
1657206
1361917
1187632
2005038
2562799
4191386
1351200
1338790
1966876
2778489
1485964
1709563
2065528
1655348
2705422
1849482
1916822
3749669
1341856
3580976
2689801
1349405
1007795
2445540
2217213
1871578
2202006
1752991
2478438
2452435
1581956
2070492
2501908
1149414
2164644
1586849
3228761
2358039
2615626
1820813
1998295
1381583
2129994
1046726
1755338
4316541
1654634
1299430
2315125
1348658
1580130
2246495
1914754
1392038
3234158
1758593
1478955
2105802
1778038
1996517
1630587
2663985
2032865
2124557
2133042
3473630
1505212
2230259
1769530
2227799
1884729
1200663
3459576
3383049
2293833
3102883
3168345
1791144
1687439
2699484
2153525
2567350
1546869
1719966
3168320
1957557
3549215
1443136
2179074
1950259
1726396
1205164
3631689
2440237
1979088
1727119
1478635
2441801
2035945
2616682
2189507
1815559
1188735
3583452
2130541
2074192
3916424
2104506
1282721
1638707
3548775
929398
2022322
2128362
1514839
6838617
1641518
2342665
2082320
1632514
1289338
2718696
1596259
1377364
3272287
2043615
2330067
1555757
4342595
4383995
1617039
1937231
1853906
1895001
1729456
1707891
1928120
2325279
2620229
3743202
1534157
4236935
2443346
1936620
2199141
1845016
2465252
2207128
2347281
1902420
4202884
1991023
2997992
1996873
1890971
2730925
1654534
2099719
3497321
1899817
1796813
2186541
2772908
2326560
1431139
2360007
2019329
3460361
1153121
3272815
1953083
2201781
2847678
2922873
3293159
3078896
1757608
2544374
1405073
1543251
2392002
2229119
1765207
2668416
2816761
2149571
2120042
1595382
1781847
1732368
1498150
1497937
1712447
1513318
4342899
2590467
1881394
2215179
988459
1645905
4512379
1903510
2229040
2233509
1845691
1533007
1177074
1661020
2525948
1585930
1178369
5750529
2048763
2784966
7150878
2551078
1580078
1827653
1535454
1369022
4229872
1550259
1227290
1768133
2617992
1491824
1671229
2528118
1990458
1275261
1787144
1372984
2123973
1170415
3687782
4031025
1913419
1793071
1709182
2807205
2940634
2125059
2150875
1754819
2293037
1385937
2654141
2705190
3105344
1689847
1786226
2439756
2544198
1539630
1847589
1607962
1402333
1916487
4797089
1195874
1461408
1549297
2749912
1620541
1313783
2188227
1416454
2681901
2040189
1383023
1594746
1713649
1472033
1849459
1713055
3718094
1470019
1786476
1927408
2159691
1433775
1597406
2339432
2239782
1989682
1456360
1613595
1461659
2189342
2593401
1570213
2345197
1385842
2060292
2139070
1882758
1177953
1223981
1963255
2524066
2650289
1892614
1700149
1097029
2287720
1337602
2160359
1174133
1606693
2223409
2081283
2109789
1320509
1621741
1839512
2525619
1533939
1401903
1666351
1623922
2301839
2501080
4442855
2676231
2162775
2194094
2626057
1251276
1649279
1953460
1719624
1643230
2883088
2470502
2313802
2053063
1380199
1760728
2603660
1529941
2290740
4736480
3982934
1324473
2013710
2668271
2246881
1083300
3604753
1452800
2341331
2212059
2009761
2005549
1188856
1708778
1592831
1856472
3909885
1363153
2324026
1307269
2145006
2315118
2039289
1960735
2168029
1254962
1616294
5474770
1892504
2638295
2983375
4161951
2171876
1279274
3918069
2183004
1784565
3414638
2676512
1718967
4796004
1452446
1480184
1612513
2793735
2123197
2152936
2461916
2534910
2114056
1304059
1505715
1843178
2305665
2486353
6857620
1510469
4572134
1859957
1720322
1521042
1992284
2862233
3086439
2154401
1884788
1598874
1402261
1219578
3090955
1815196
2464293
2891180
2884061
1755568
2037731
2099675
1140564
1986110
2425755
1054979
3432437
2264813
2005132
1427396
3643064
3032046
2112846
1910883
2157807
1947981
1456991
2040194
2066806
2176050
2494272
1574724
1812721
2939153
1043972
2685502
2118628
2263027
2514164
1827539
1705156
4029992
2275791
2073385
3191908
1197005
1825851
1120724
1514269
1436330
2816365
2105445
2071050
2509714
1357819
1248029
1558123
1396672
1564253
2483696
1384102
1810312
1175464
2649562
2587679
1875534
1795430
1438126
1233577
3305227
4019347
2060561
1850546
3443257
3942527
3173137
1892166
1544386
3070020
1817850
1704039
1960999
1642318
1424935
2481787
1824256
1628994
3207829
2156388
2259409
1259873
3293107
3133364
3088096
1520730
1962599
2062668
2181115
3408622
2313157
1988395
1239044
2579251
2412461
2012095
2618400
1649908
3275010
1954366
2566554
2659298
2455929
1526103
1863802
1460412
2165096
1392864
1254077
1662212
2482725
3268690
2479872
2106208
1895526
1944522
1916092
2701424
1769662
1444778
1700974
3578878
1578211
3848832
1553313
2172491
2512101
2429133
1781373
1432057
4153835
2321982
3261390
1659154
1085759
2532191
1345592
1808878
2760081
2178056
2735694
1910905
2758078
1449498
1627528
1692825
2002811
2076024
1389452
2775074
1395847
1366224
1940248
1501645
1670109
1790467
2268094
2269917
4424210
3807798
1422769
1368733
2267335
2043490
1674167
1860119
1222154
2779689
1108565
2062671
3484118
1553453
2256347
1870794
2866656
1845312
2006505
1848109
1176591
2774752
3748409
5407236
1900868
2187232
1179935
1979591
1759630
1987350
2285693
2171023
1721321
2525041
1276758
1597762
1650918
2892572
1646434
1532539
3857637
1998441
1942647
3564369
2620263
3280159
3016760
1559508
2451396
2718957
2408410
2910191
1721958
1868780
1557197
1220111
1853917
1834501
1839712
3996273
1706679
3154967
2332373
1252602
2385266
1715315
1933075
2323226
1673124
1416569
2705794
1140962
3000981
2350994
2559151
1787070
1788280
3856966
2224956
2117942
2276833
3507229
1763934
2756094
1708533
2223765
2958030
1990819
2693885
5048215
1461465
1340045
1605461
1273017
1972216
1604708
1659549
1822761
2703964
2176084
1734360
2909837
1305745
2004308
1938267
3499464
3083283
1314764
3850133
3413394
2521347
2246037
2474043
2401797
2502496
2081283
3791158
2443582
2967927
1660817
2371681
2622812
1925062
2603992
1561343
2860041
1946444
1841912
2939432
1394670
1780220
2265193
1728486
2108238
1969294
2702695
2626935
1462325
2847829
3015515
2736772
1956762
1757035
1373053
1133817
1655966
6212068
3039958
1758120
1588002
1589037
2349158
1527458
2874295
1322285
1825205
6639544
1914858
1723715
2317540
1834307
2160674
2295552
1964812
1626793
2168950
2462736
2670320
1506518
1794330
2981449
3349159
1317593
1908372
2904278
1794520
1255592
4044907
1832571
3599312
1930405
1155919
1384155
1932272
1510928
2594489
1300277
1478577
1591435
1992933
2663103
1774453
1779564
2746587
3063714
3024617
2554943
1741173
2776863
2698714
2123472
3157886
1844080
1320469
2181066
3437399
1684660
3802056
2135891
2414014
3123933
2310088
3176060
2570088
1365935
1344987
1560810
2701177
2935302
3340478
2661058
2706218
3750232
3047881
2813683
1729465
2125946
1478264
3694796
2154001
2055224
3768353
2449882
2210105
1007565
1384963
1737082
1605316
3199881
1723102
2128504
2792927
3670931
2179825
2627274
2080459
2566656
1738972
1696455
3028888
2037776
2551832
2440290
1481246
3085991
1247152
3631427
1728289
2675284
3840123
1269847
1751406
1788004
1368509
3006049
2024691
2440793
1856474
2737817
2614617
2232603
4323390
2027757
1429409
3293537
1976277
2061917
2268658
2368502
3820742
2046143
2190120
2564063
2619243
2470235
2797551
2657584
2281991
1306726
1589542
1532752
1724882
2026172
4195380
1504995
1354183
2638487
2237785
2435092
2494077
2114463
4397609
1550330
1209736
1925190
2676163
2193522
2137282
1164057
5343615
1994662
2523545
2849214
1705306
1511159
2434674
3033825
1986501
2049636
1719158
4185702
1361396
1566819
2339694
2223121
1224875
1432367
1861730
1891343
4747372
2300240
2894830
2495238
2099449
3175853
1941513
1539626
2114845
2624802
2461149
1167618
1328975
5045656
2219024
2454094
1813448
2145454
1351286
1409664
2228644
2036828
3451682
3343360
1935926
3484650
4783360
2003938
2864759
4032315
1709966
2332861
2039517
3934640
1652989
2859608
1466443
1091550
2892797
1940105
1316315
4040037
3564118
1479451
5053631
1932661
2609210
2626921
1718312
1690792
2460541
5011390
1953627
1826364
5083112
3664620
1577784
1582005
1422527
2175642
2625681
1747239
2864672
3266591
1968374
1725763
1480599
1159953
1846596
2891923
2196826
1242459
2294209
2202903
3360693
2527290
2202629
1880582
2503301
4335810
1546452
4498414
1609433
2340709
1086941
1355895
1598775
2280887
1413629
2011531
2308062
1411629
2822838
2167088
2574648
2433715
3177490
2047599
3077846
1568680
3283243
1472130
2035116
2190777
1424385
1492942
2520201
3598148
1979708
1770654
1946236
1766518
2553981
1329542
1900048
2289717
1459421
1676010
1740540
1936325
1779413
1394407
1845415
2630720
1864127
2081899
1406129
2069723
1680382
1440724
1651627
2536936
2680627
1779246
4635274
2676539
4432887
2482019
1758763
1252234
2473457
1872060
2295945
2794280
2012180
1652296
2127701
2330694
1654355
2515728
1682611
2096770
2581997
3686724
1262172
1535272
1729949
1228446
1749523
4024924
1808079
2536753
1465538
3611236
1702967
1658948
1817766
1435062
3345484
2151891
3087813
2263048
2792057
2442038
2642879
2250063
4058830
2114398
2303430
2606318
1404127
1648699
2346497
1487806
1752785
2165860
2530690
2040471
1751305
2399672
1474881
2356026
1907357
1720477
3929816
2546171
3598148
2119735
2610752
2105230
4326246
1163985
1359351
5716360
1502882
2123316
1471286
2548447
2187255
1428526
1142231
2411129
2251065
1728499
2362484
2703025
1425512
2209237
2493481
1906730
1885127
1396960
1410935
2719431
1654218
2286507
1345544
2955161
1903308
5792442
1515258
1704550
1670158
1521528
1447219
1493761
3693113
1632246
1866264
1766795
1514450
2320263
1620569
4405807
1158023
1000977
2277108
1964599
2437592
2160599
1216818
1293614
1462307
4130384
1481292
1814660
3232554
1514417
2043523
949650
1655002
2858902
3546132
1566942
1156527
2564570
1137978
2214236
1279942
2254506
3451785
1607379
2919476
6242083
2451571
4930721
2305007
2234049
2869933
1272865
1068349
1500629
1807755
1971947
2559919
1317375
1690248
2632705
1006955
3301500
1662212
2366144
2721688
1761464
2176664
1551937
1740477
1937491
1262347
2612985
1335023
3625185
1612572
1557262
1783441
2247996
1953330
1791965
2087440
1846048
1727626
2258332
4434614
1750897
2636396
2400143
2170840
1673574
2577067
1553380
1394228
2139171
4104019
4660382
3884650
2335233
2015028
2137392
4364191
2490772
1937632
1796891
2179489
2027944
2972671
3017249
1233986
3514959
1624244
2962014
1752852
3437238
1825853
2059747
1770276
4060267
1503121
1888850
1781147
1441827
2604072
2623493
2624637
3124076
1534612
1706747
2398408
1887167
2982862
2452685
3865659
3469483
1626360
1779307
1928025
2618178
1591564
3742870
2793746
1613477
1408944
1945374
1579722
2411654
1334008
2441697
2447972
2591835
3920617
1383299
2595775
1170789
2001805
2570116
1184836
2860305
4286274
1337439
1892286
1855727
2999734
1528187
4726039
1858579
1674136
1428893
1610739
1939061
1807935
2640619
2373755
1620298
1604175
2614110
1615753
1716902
1796935
1952877
1851398
2663862
2533921
1002243
2227460
1979775
7355400
1714486
1783384
1151361
2368479
3641182
2988548
1413229
1299147
1758878
1656829
2169058
1257044
1485175
1870061
2282421
2059203
1955308
1442892
1814833
1875051
2741755
4127437
2940775
2815202
1948328
1558970
1336357
1462511
1742055
2263835
2421732
1623190
1671725
1742389
2074270
2296793
2252993
1552806
2318070
4269973
2150254
1702250
1750481
1434829
3055880
3324103
2347840
1611821
1858383
4500699
2155062
2275826
2477752
4079449
1626732
1413910
2777937
2483762
2590526
2680242
3001962
2392622
1779207
2818974
1950597
2366196
2015254
1664969
2019872
6121445
2500625
3965202
2319171
1344684
2221421
1285843
1560960
3407392
2411695
7348473
1862723
2134412
3101849
1340097
1696330
2130754
1584408
2161338
2265442
2702245
2358455
1115337
2739820
3206174
7749403
2441434
2120480
1657297
2073725
2603855
2223523
1618857
1868878
5202983
2828023
3533382
1921363
1900625
2481381
2630103
2203274
1249341
2876177
3191172
1987226
3245433
2989721
2020139
2500889
1437926
2069693
1398174
1663226
1667077
1825147
2974917
2191744
1532637
3418030
1542732
2611247
1581053
1502205
3703691
1504290
1658927
1731611
1674611
3230991
1860456
3027091
2246758
1530545
1850142
1318454
1801216
1830771
2174385
1408972
2686265
1770477
1588245
2687037
2239400
1276538
1786249
2776045
1267886
1463284
2888080
1455181
3087813
2613141
2166389
2403030
2282623
1531633
1571615
2151186
2263450
1484604
2497981
1879239
1362287
1556932
5147819
3018781
1796063
2265002
2720885
1263814
1606253
1836051
2146060
3160917
2109538
6283722
3757197
1429409
1377300
2252543
2382622
1104148
1491195
1682644
1915038
2526683
2599713
3278039
2118631
1708283
2898571
1316052
1851652
1879244
3977877
2579670
1688794
2234454
2357403
4737567
2617007
2652006
1655412
1772832
1503160
2203313
1952087
1592212
4488590
3548100
2748317
1356245
1730826
1666782
1790746
1690445
2804198
2221642
2212865
1974201
1543931
1897163
2240945
2243399
2129014
1734709
2795718
1912110
3269818
1610012
1396818
2532121
1360644
1430407
2383638
1519867
1692856
1439729
1976235
2803705
3430845
1373811
1701421
3459342
2614888
2982062
1261843
1945961
1319829
2014680
1633491
2104225
1631253
1999428
1865944
1563238
4360809
1937482
2474907
2198574
1606648
2290086
3649689
1468599
1700815
2121456
1456796
1893199
1915201
2054438
1278457
2014378
3262877
2813350
1956030
3664746
1015722
3631772
1947947
3385412
5986150
7087992
3666878
2157678
1635268
1403018
5628209
5728089
2555381
1733996
2478885
1878541
2183940
1989843
3602505
2418289
1309021
2075345
2524709
1718397
2279556
2179605
2407867
2290167
2019595
2050214
1523851
1814437
2766565
1692717
1872204
2455966
3923585
1514916
1397957
1680706
1747636
2674176
2756395
2245579
1820175
1613488
2243581
3093912
1426170
1812782
4031610
2434217
2226944
1998362
1470438
2612813
3144081
1450583
1270775
2930600
2362946
3194086
3201175
1115499
2396305
3166621
2630210
1516497
2650623
2416063
2075586
3660473
1588029
2378066
1838919
1285157
1363320
2981449
1709914
1237416
3086062
2404857
1681897
1660445
2873823
1892731
2043134
1944075
1285974
1837573
2196895
1878451
1835281
2217013
2028653
1995205
1915290
3256531
3459342
2180885
1771165
2462436
5895090
2842464
4368538
2924660
2720976
1269718
2336494
2892149
1882615
2179512
3162607
3488539
2580324
1545207
2500321
1292032
1632832
2640417
2814542
1581045
2580606
2185335
1628434
1529690
1744485
2813674
4510693
2217292
1502627
3020587
3770906
1334262
2344888
2943354
1410347
6349032
1563378
1378543
1837032
2110529
1419748
2261222
2260111
1754427
1714413
1334607
1478193
2105115
2340163
1685324
1765292
4416973
3432978
1912036
1753311
2300938
1901366
3022284
1975703
1679712
1866633
1558983
2644232
1912956
1797591
3001393
2122414
3139934
2394059
3377163
2724227
1827265
4668665
2158842
3356929
1318792
1598668
1164777
2648670
1769930
1886381
2171346
2736225
2063935
1633936
2142968
2193426
2536043
3519363
1705543
2002127
1622383
2921691
2442387
1329848
3024244
1971744
3608668
1694087
1918888
1673421
3069545
2408380
1543329
1912968
1395863
2170131
1297229
1891414
2498905
1412212
1491968
1314631
2077055
1653545
3524842
1746690
1986110
2742298
3233052
2255431
3169985
1391137
2166658
1815664
1628989
2518612
1751299
1805990
1690117
1705601
4239274
1522758
2217967
2261935
2198326
1297305
2530922
2380397
2653842
1623144
2829799
1330373
2933694
1731476
2054956
2206240
1961849
1411485
2291298
1320517
3626349
2005518
2163057
3403896
1770068
3719140
3360406
2340452
1433305
1890915
1624646
1901958
1220491
5872853
2619544
1444763
1975243
1550067
1669910
1050259
2295206
1378063
1145068
3956698
1717554
1980424
1699366
2515060
3676262
1297710
2716645
2236552
3114465
1197266
1704412
2050829
2064515
1896361
2056661
2933467
1916970
2750023
2069743
2327453
1598107
1949249
3026754
1989546
1529612
2109194
2598228
2625983
1825882
3048133
1686227
938809
2352728
2230156
1812380
3105836
1266835
2505935
1545994
2273479
1522198
1577601
1945457
4424062
1637337
2363726
1063508
2423939
1692491
2135541
2147132
1479131
1557301
1609462
3231865
2530678
2714039
1275689
3774315
1468307
2688685
1612120
1344906
1740603
3988389
1916840
2640996
2811929
2309747
1893668
1611467
1997064
2316449
1956347
1754748
1537952
2393611
2160740
1148823
1698738
3292849
1388014
2956517
1897255
2138932
1382736
1168240
2046088
1358523
1585076
2590582
1374853
1716904
1751676
1526332
1491568
2168531
2934847
1967485
1603893
2931441
1695430
1619117
1671523
1514171
1628167
2347813
2743115
3364658
1283340
3317046
1881466
3053828
2561335
1858134
1904511
1949827
1768125
1532247
1224777
2375433
1941967
1571901
2210738
1687586
5753643
1534064
1369303
2092696
2300153
2698823
2316579
1533069
2597016
2925536
2324114
2092013
2378073
1405351
2782320
1160852
3405379
1931277
2138630
1806169
1585112
1621032
1999080
3686942
4208905
1274334
4083251
1434726
2103513
2287634
1474068
1726902
1442092
1558067
1709953
3351101
2134833
2192909
2489417
1196981
3703061
3465792
1327163
3561366
1801065
2482077
2171755
2426150
1785423
1845102
1586700
2393257
3436319
2001741
2018379
1977315
1584123
2743924
2512770
1618029
1561880
1235335
1881619
2231336
3247498
1829491
2031383
2101571
1385375
2477825
1514428
2298810
1000235
2975795
1911515
1605731
3168325
2495513
1594618
1948138
2239145
1518302
1827709
2194485
4391700
1498458
1552891
1999722
2428426
3311329
4317532
2157410
2742135
1195148
3628580
2321965
2095855
5046619
3689273
2154027
1797416
3606297
4704017
1980853
2982425
1673482
3540601
2673072
1143665
1382459
1390996
1807359
2212434
1678852
1239284
2054005
1670634
2758920
1317333
2112521
3085868
1204117
1434523
1836138
1389264
2655745
1854741
3165087
2040803
1556698
4490978
2326698
1228513
1920080
4340081
2463904
1355691
1081016
4857221
1908168
2458127
2948070
2065219
2500571
2315020
1761742
3234405
3549673
1185150
1842553
1624554
1758197
2457598
1537655
2554626
1674652
1361514
2658281
2270935
2754777
1591993
2172320
2765613
1718763
3121538
1529421
1458513
3223484
1674122
2777778
3781217
3704009
2288827
2169982
1373576
1038160
1889721
2712293
2047881
2053063
1727968
1608782
2113823
1404912
2083895
3491084
1833561
1283801
1457067
2955755
1751575
2435991
2041630
2395037
3212159
1755361
2297922
1684455
1127289
1525899
1169546
4207859
1683839
2172748
1575992
1903485
1902102
2657712
4590046
2132349
1485721
2330124
3293418
2429025
1259958
4924448
1642097
3056309
1488765
1123581
2147596
1620834
1880295
2364461
2425192
2093632
1717113
2232091
2168156
2627740
1375445
1524877
1733011
1505368
1394933
1933121
1658779
1624234
1603359
1386359
1340077
1774684
1202746
1684834
1763970
1304333
2228700
1943530
2339112
1310353
1022715
2513310
2241456
2824436
3877496
4598831
2817829
1415584
2145880
1728148
1608378
1967218
2844503
1525394
2914992
1337537
2125536
1948025
2421119
2579095
2013506
2691011
2411253
1901927
3265539
2194984
2626708
1652912
2105811
1342238
1074690
1679236
3880501
2146412
1708714
2939210
3576953
1619827
2228230
1957466
2510014
1628936
1670348
2077722
1985612
2087248
1873536
1464106
1941555
1344008
2545532
1837173
1779163
2209102
1548562
1414139
1867156
2372270
1572620
1436307
1597532
2335474
2118222
1425191
3296861
2747614
2631101
1810149
1505330
2644726
2451686
3113429
3593368
3074899
2566744
1772517
2376937
3879425
2323363
1634823
2481498
1833308
1834364
2079376
2790627
2234660
1400624
1775226
2477723
1931203
2487261
4468042
3496911
2490986
1670634
4398394
2956874
3404563
1625690
1287897
1400199
1875535
1203002
2090305
3076097
1579816
3525207
2037053
2469379
1441092
4109159
1444266
1653389
1775602
2034760
2142268
2365504
2188988
2453177
1788608
3064703
2470230
3069638
2288050
1857707
1565552
1547643
1686528
1425057
1736057
1703495
1844592
1872299
4140946
1554311
3740556
1191440
2053548
1485522
2127967
1684171
2623897
2744911
4826679
3142465
1974152
2441124
2313920
2685952
2328151
3059024
1607944
2933470
1703237
1297098
1283167
2327294
1631527
2587659
1131764
1884198
1619664
3080372
2609494
3311246
3133298
1667527
6992630
3687394
2138610
2702162
1281037
1129810
2334225
2747487
1923445
1702834
2192074
2694983
1961511
2650071
1497064
2114599
1767655
1656437
2464739
2133917
2210394
2163377
2419291
1507240
1655092
1556403
2038512
2983736
1947176
1409550
2232451
1905720
3945246
2510214
2226892
2660293
1695077
3841601
1648393
1411064
1854640
2106640
1527607
1836903
1507759
2924801
1670418
1387437
3118926
1498553
1761331
1050225
2955234
1584632
1702735
1781284
2141933
3053353
1898341
2907190
1442668
1318966
2135237
1812400
3985860
2273084
1664163
1494543
2832245
1782754
3045740
4181184
2574940
2734286
4909377
2330826
2891567
3343540
2849357
2119747
5800048
1397475
2346755
5197523
2881724
1229002
2230159
3265872
1609069
1297485
2542763
3012872
1718269
2299144
3601664
1563584
1591095
1876032
3076182
2890281
1740647
1629623
2386299
2744735
1569957
1388010
1589918
1876012
2233726
1799284
2582140
1631699
2176533
1604680
1407822
1880288
2404360
1403830
2110427
2690309
4438322
1395294
2444537
2196163
2260367
1813357
1696863
1918393
2853394
1601278
1267357
2442945
1450633
8932859
1495192
1911810
2195375
1726150
2070494
2323475
1400521
1477808
1576938
2063018
2291727
1354985
2247696
1221109
1617903
2161068
2051775
1548641
3694624
3517802
2198302
3254383
3005090
2218229
1878616
2044648
1835442
1536585
3765613
2011096
2574894
2477974
1588055
2550413
2038299
3231238
1048920
1663768
1428803
1626328
3596496
1686589
4190159
1602800
1597753
1638559
1779598
1182021
4523536
1265880
1432581
2031673
3597006
1687439
1762841
1871201
2219015
1665552
2340360
2968016
1795196
2543520
2415135
2388164
2011726
2306591
1731315
1768993
3348157
1591291
2526450
1608966
1333489
2160901
1223022
1382736
1392978
1378438
1898263
2367671
1684932
1473056
1469981
811751
1931605
1573638
2254385
2778589
3384671
1868937
2332096
1717827
1557567
2342277
2215078
2410249
1586000
2079389
1984215
3748227
2785782
1285250
2356773
2886800
2138066
2102381
2370775
1282212
2524675
3360740
4475393
1851603
2016048
5872853
2169959
1760434
1558531
2673073
1805762
2343309
2497981
2581560
2166292
2218917
1377404
1497804
1362218
2575011
2092174
1557219
1715107
2726116
1721604
2319619
1990278
1717146
1917784
2534169
2271967
2330249
1223498
1635099
1462334
1368740
3045492
4131694
2022175
1738821
1576525
1571305
2231222
3647400
2131802
2806797
1403265
1796120
1269728
2738887
1678483
1815640
3501243
3769389
4056085
1854017
1181781
2761072
1601206
2009184
1559137
1469868
2438362
2326714
2310724
5379973
1419925
2037698
1818264
2282893
2048453
2225005
2083257
1713080
1973808
2018489
2117828
2655706
1539715
2875095
2794280
1535506
1999765
1958335
2482316
3883847
1590305
2485613
1573465
1385266
1846134
3259812
1515612
1971534
5756305
3239595
3514386
2618094
1531404
2781121
1309239
3231825
3123475
1541648
1485557
3426992
2151268
2516912
1899615
3187765
2549237
1806694
4227954
2272396
1753513
1661273
2020539
2305295
2056324
3018257
3940004
1927753
2236393
2622143
2322403
2201352
2190835
3303997
1660236
1710673
1764541
2126198
2806657
5198820
2040376
2738004
4720760
3143940
3878472
1654957
2027925
2731398
1561346
1979401
1856218
1624712
1911105
1420410
2356296
1595427
1995894
1314097
1902608
1688392
1536695
1624815
2236859
1845847
2431611
1624241
3005100
1889600
2345206
1904195
1767535
2397160
3743578
3149033
3294885
1966749
1887165
4146587
1383320
2047211
2088295
1900363
1818105
4976401
2530312
2381689
1874418
2252150
1646985
4315253
3258926
2873832
2734355
2117637
1509262
2193225
1662511
3345300
3987585
3090451
2755714
1243800
2640940
2107843
3300813
1491212
1207935
2400426
2556710
2124909
2298154
2452150
1515731
4505826
1764474
1399895
1951933
2604666
1616929
2389805
1656955
3449639
3180532
2650923
1511098
2081725
3674497
2224561
1757757
2470632
2599384
1639017
1490977
1775957
2061434
2064927
1673831
3749878
5357292
1261032
1857770
3499741
1624704
1665754
1460298
1845642
1278138
2288369
2247962
1382349
2124974
3259904
1412972
1967145
2084467
1440996
1405025
1472429
2067510
2529427
1552984
1912070
2082296
1707623
2011547
2157121
1725351
2069123
2384459
1611821
2209112
2215967
2118901
2441261
1848491
1598245
1454235
3226218
2271205
1502311
2244722
4029217
1528043
2329510
1624224
1750354
3343248
1235726
1393383
2635579
2496738
4024727
3417870
2830637
1891958
2218044
2394493
2176530
1592762
1723204
2183644
2296059
2188820
4419928
2145139
1831518
1699573
4514131
3004158
1373047
2653497
2439258
2165286
1884836
1909826
1089143
1786244
2052451
1539259
2215554
4418737
2411667
2964699
5237605
2008948
1989313
2468587
2504703
1312220
2400195
1580633
1578175
1665780
2585101
1980959
2340274
1282834
1651718
2078051
3326950
2843208
4467354
2370170
1728483
1234546
1669492
2293352
2220006
3212022
2846861
1917715
1870287
2872623
1735256
4917321
1600449
1698556
1763946
3691268
1713693
2446031
3967539
1180866
3508307
1346429
1264967
2680420
3968718
2807674
1839889
1778816
1352243
1794746
1565537
2430078
4846906
1866831
1455775
1485227
2953649
1979536
1705860
2700811
1408438
1945808
1098853
1685825
3101568
2002867
1149585
3858167
2110958
1715666
1706339
2047872
2676563
1574436
2582621
2464820
1680169
1417626
2507159
2159103
2242809
2694881
2160304
1828982
1795137
1935524
1407754
2333352
2186881
1965408
3264306
1728137
1773514
3815878
1062643
1901635
1875055
2771781
2409260
1760720
2087646
1884410
2882007
2049780
2673032
2856781
3440547
2029831
2963332
2611178
1659893
1543770
2478194
1215770
2116614
2229541
2760895
5082305
2492374
1304963
3761861
1666893
1963870
2288461
1602634
1597504
1238106
1227063
1849956
1415722
1827964
2109425
2010525
2311756
1571684
2486358
1969490
2270848
1921952
1549601
2328382
1283477
2375734
1265237
1486399
2340906
2156956
3876145
4085464
1868647
1469122
2041696
1244365
1432945
2873244
1982711
1561298
1532817
2412553
2077969
2836289
1787902
2632978
1743868
1902173
1592207
1422839
3067152
1643506
1740522
2153344
2860469
1835472
1166641
2411501
3342875
1180947
2148053
1824389
2198116
1219505
2755584
1953528
4792203
2088131
1570325
1888768
2472730
2477073
2458423
1318338
1611893
2231717
1539152
1637526
4132286
4872521
1963069
1635498
3083882
1630816
2792124
1875011
2327118
1499517
1752451
3847073
3755426
2736897
1392682
2075330
1807525
2449012
1940821
2234867
2316466
1099967
1821341
1904079
2225320
1681976
2102247
2212884
1557755
1488587
2273264
1685017
3989950
3498124
1250978
2186490
1843452
1612381
2473352
1247649
1918973
2056290
1698472
2011246
2203603
1396841
1551117
1669445
2439601
2956543
1592944
1644480
2289846
1768640
2081308
1410088
2560690
2256379
1608913
2080003
2784058
1733115
1646231
2937199
1692863
1629687
2452842
2775393
2037328
3179014
6276606
1786327
2434815
2829290
2213934
3168887
2342751
1419643
4516417
2184014
2691332
1741131
