500 50
6 64 85 18 16 11 95 85 38 12 64 94 78 19 66 75 94 39 90 16 47 98 94 5 45 4 8 86 30 59 12 2 69 61 62 21 35 3 39 73 64 27 94 16 36 42 60 45 98 77 45 84 63 97 18 52 12 69 56 36 6 20 7 85 10 84 24 24 9 47 49 47 58 84 70 95 18 62 81 90 10 6 3 62 79 70 30 63 93 71 80 69 11 79 63 77 13 44 35 74 89 38 84 72 94 92 16 83 52 39 53 6 50 42 60 18 76 73 50 50 74 53 9 84 45 14 95 31 23 1 76 81 35 78 78 99 93 37 28 7 20 92 47 9 73 61 73 20 2 42 54 61 40 96 22 30 89 32 8 65 62 44 17 86 0 41 9 23 40 70 43 96 89 3 48 28 57 40 61 63 68 85 2 68 80 87 79 98 67 80 19 33 11 24 72 96 64 33 82 26 57 76 84 77 65 62 52 86 97 15 32 23 46 82 81 40 8 90 25 62 30 83 30 5 67 38 57 53 14 36 48 20 22 90 87 31 52 34 3 35 1 13 62 66 17 77 12 40 94 18 51 24 91 86 81 79 44 17 82 85 59 3 37 75 69 33 97 62 71 52 9 55 49 46 92 74 68 41 7 28 53 90 81 0 29 7 30 54 60 74 17 50 38 10 23 16 60 51 56 29 66 74 77 86 73 75 21 60 16 96 62 16 32 59 67 63 53 67 31 7 73 47 25 22 76 33 63 96 22 27 58 41 8 97 8 32 81 87 25 71 9 68 80 92 21 48 6 29 14 74 49 92 93 7 18 65 28 76 65 18 58 30 91 6 5 9 34 1 89 82 21 84 54 94 50 40 59 93 69 2 53 68 32 67 90 59 77 85 71 2 13 66 74 3 41 55 62 49 27 66 41 1 4 59 88 90 37 85 57 67 44 5 85 32 63 58 42 53 17 48 72 1 98 68 89 31 6 9 71 15 2 54 9 35 26 59 54 52 86 34 69 9 48 75 59 80 68 15 72 53 50 50 76 47 1 64 42 57 49 88 79 30 96 17 9 37 7 45 48 60 48 22 82 8 60 40 79 27 9 17 67 98 81 53 3 22 6 63 99 9 59 96 79 45 17 23 49 18 84 37
88 38
45 43
8 75
52 19
76 56
31 0
57 32
21 59
76 4
85 3
7 48
79 40
62 62
93 84
54 34
84 78
75 66
30 53
30 62
64 45
2 85
82 45
45 76
38 60
95 79
26 14
26 5
9 60
65 83
44 56
18 78
99 53
84 60
79 58
70 94
61 9
26 36
61 26
26 61
0 78
57 69
12 95
92 8
97 22
19 45
29 12
34 41
30 29
16 48
72 55
