500 50
565 267 609 406 8 507 415 181 233 497 899 37 968 934 745 187 314 306 400 914 245 557 986 404 676 637 620 133 330 565 613 372 856 993 469 36 671 975 5 717 514 463 313 71 890 547 40 168 741 207 283 152 102 619 282 521 113 286 36 983 68 861 327 75 497 215 97 251 416 185 254 640 835 112 988 925 840 543 315 633 130 390 36 751 570 737 3 124 975 303 696 57 873 299 927 921 796 529 347 789 498 861 957 192 212 661 693 866 296 25 283 124 536 792 594 890 315 384 570 674 825 897 959 264 986 885 279 903 324 406 825 619 692 283 649 827 141 854 450 956 990 174 36 553 230 760 947 279 993 535 524 550 930 112 416 344 618 467 265 911 143 403 997 748 103 852 622 305 139 479 96 634 969 255 493 660 866 75 341 51 475 362 937 238 66 291 630 799 383 664 119 566 808 929 230 536 8 817 690 438 619 314 556 888 412 882 249 285 949 129 19 140 606 530 578 409 138 700 507 664 396 307 606 647 293 510 222 152 364 410 937 203 449 895 926 654 425 384 201 22 28 520 79 212 479 956 706 607 167 981 414 46 792 773 76 304 802 73 896 785 65 703 996 904 269 688 82 662 751 802 75 704 637 77 153 829 563 623 354 570 459 246 955 377 350 82 206 51 828 107 731 902 168 635 665 764 903 811 363 59 889 873 831 231 710 426 224 143 312 114 938 699 811 979 816 378 548 364 201 826 214 284 809 390 286 436 782 99 697 19 279 103 694 945 806 822 255 744 524 460 937 232 233 58 892 159 948 793 554 199 976 80 612 984 6 303 786 224 898 320 363 234 361 746 912 539 107 333 240 861 34 795 72 749 66 332 99 756 77 401 972 216 924 118 124 683 364 62 629 721 607 4 769 907 200 552 984 911 339 118 179 295 595 291 187 522 143 929 462 708 481 44 80 526 800 165 815 531 579 848 698 864 975 340 930 798 666 398 755 346 658 399 215 484 656 50 310 475 120 183 433 67 755 528 68 447 645 680 391 948 541 604 173 959 332 927 357 264 996 927 5 768 888 618 161 521 321 567 653 934 390 216 12 228 565 704 407 188 966 984 370 977 259 329 177 273 746 799 372 725 188 346 48 84 472 697 633 671 899 536
256 386
567 119
483 843
533 94
902 387
76 545
10 493
429 5
692 793
547 947
473 486
167 554
437 247
808 594
454 73
923 853
386 772
365 30
892 939
5 864
857 81
275 861
205 788
84 540
621 951
7 950
622 136
365 481
11 803
559 897
646 983
200 148
392 584
52 676
25 968
466 940
949 615
482 595
631 686
607 629
13 391
880 635
221 458
370 588
206 976
80 715
884 22
622 634
158 962
859 268
